6.101236603893356661e-03 1.569163284370619138e+00 -7.673661377209572629e-03 2.300784243332604229e-03 -2.545756040299327824e-03 3.732652893335965463e-03 4.054311214182448365e-03 1.568843219646771381e+01 6.692276016926002047e-01
4.799640418801277147e-02 3.099662534469411687e-02 -4.506015753389628564e+00 -5.861001434456518736e-03 1.636932006400199091e-01 2.133134110384263238e+01 -1.154554735567950123e-02 -9.486020886850791978e-03 1.904535017175794376e-03
1.267529807495281213e-01 2.659567811786232028e+00 1.980765319308804617e+00 4.343055166864594696e+00 1.127993928324567463e+00 3.589114019133008071e+01 5.559685625294008560e+00 2.089151287688673087e+00 2.616342182690246432e+00
2.284842755871511685e-03 -2.414159424148429843e-03 -5.362046151247770037e-03 6.137236816604367817e+00 1.178706196466362127e-03 -1.197331488098441268e-02 1.226983038323457009e+00 4.122954418863226067e+01 -2.102416885829103826e-03
4.755746160373705678e+00 5.679573496414345612e+00 2.391227579747423704e+01 2.711635582267307498e+00 4.974773740634909736e+00 6.777578727315408003e+00 1.043497065458578632e+01 1.089949920122639426e+01 1.062291187016629657e+01
7.876276040330361106e-01 4.042764120048630616e+00 6.432853451820235158e+00 3.868500094644951481e+00 4.947536287750645911e+00 4.128643659183623527e+00 2.708871235269201350e+01 7.957921199619356400e+00 7.069090202207027218e+00
2.133931746870921131e+00 3.232017955897648509e+00 2.242681364292708146e+00 2.332418443767476646e+01 2.517965331101920334e+00 3.243382194962534548e+00 -6.488953358390003867e-02 2.014177303011193576e+00 3.117596447559353834e+00
2.524824898048302124e+00 -1.318466690707251025e-02 2.107703845700508172e+00 2.171254964043654212e+01 2.642000727516783165e+00 3.970845140260629513e+00 3.225271048757929332e-02 -3.270577528708630555e-02 3.491777066022205389e+00
7.617021868931906248e+00 6.853770872750070353e+00 9.690036922071804781e+00 6.578207289171112748e+00 9.721758717369585412e+00 6.509218594541839487e+00 8.568540112604697612e+00 9.819571410585519189e+00 1.900052563897016711e+01
1.352551962636032812e+01 1.371127636974649278e+01 1.215166182680564511e+01 1.387464862226187456e+01 1.251453988941806728e+01 1.113898711205894188e+01 2.509350783107358041e+01 7.283498061532818646e+00 1.409102824958863387e+01
2.362061996756851201e+01 1.194015982800111608e+01 9.314309087026217071e+00 7.979674151298979723e+00 9.378007848284248382e+00 9.129744426157612835e+00 7.075975770567978884e+00 9.153395458845221100e+00 8.180304066544440644e+00
1.077674482506698439e+01 1.058510334478853210e+01 9.889262886605816760e+00 1.927533614194425482e+01 9.134399919867677298e+00 7.286459291270235283e+00 8.129462987393864637e+00 9.300993089325425345e+00 8.552164789143663626e+00
1.520349081677006886e+01 1.290566546444142659e+01 1.159797817930120623e+01 1.737629408470670000e+01 1.373244687280953080e+01 1.320975589691935603e+01 1.415790833028428075e+01 1.528485858430819277e+01 1.105821060344395868e+01
1.711997421586124091e+01 1.335148612831005366e+01 1.468463724565488526e+01 1.380547732400591876e+01 1.421988636011882257e+01 1.456171171439006429e+01 1.502312320454821126e+01 1.395512771876709657e+01 1.418121335036095232e+01
6.069067626446374319e+00 8.527938171093568442e+00 1.350768226532684402e+01 7.471349089925858777e+00 5.533094433173417315e+00 6.328337049922401647e+00 4.864429481088293983e+00 3.411408991933040369e+00 9.451111587990348895e+00
7.901770658735130404e+00 6.670250429274797277e+00 7.385608833536487339e+00 6.416280149508359010e+00 7.856978590454114730e+00 7.113730330727928930e+00 2.107093347734452671e+00 7.737406295335199857e+00 1.084877904775661683e+01
2.154042405904796809e+01 2.194867138964710307e+00 1.550428169127193723e+00 3.055223274391445365e-01 1.141971919367830018e-01 1.249083611403868810e+00 -1.090824695355016409e-03 1.762179244950311308e+00 2.059439138390386059e+00
5.349028053064577293e+00 2.651458575112354055e+00 5.913355493418173126e-01 5.482358494480683220e+01 1.222164644841355896e+00 2.635067494084013529e-01 1.125253605032836290e+01 3.938924083200466164e+00 2.586115432664911395e+00
2.736763461924961671e+00 2.349674475832352893e+00 2.038882499850620533e+00 4.203700301335503986e-01 2.078322534234640173e+01 2.158761438078398154e+00 2.275090005529076365e+00 2.631813525027144052e-01 1.765979210681530409e+00
4.089772149292521253e-03 3.336993588366849936e-04 7.707767353421186574e-01 2.071672018173033487e-03 4.331894778107405131e+01 -3.986371892000266891e-03 -1.240595551466903979e-03 2.274104383709582219e-03 3.139306483195498931e-03
2.770852311617795394e+01 4.033825515072225976e+00 5.962547797409406769e+00 8.262668865129866091e+00 4.784589145343507433e+00 5.413235669763833968e+00 1.241555855423645482e+01 3.648024246890607003e+00 7.067417859900944066e+00
1.004966392325476576e+01 1.270455007940883974e+01 4.471121372766724278e+00 4.610916037128694711e+01 1.397775506521427502e+01 4.732354604948096011e+00 1.138299949028052360e+01 8.168162249197040481e+00 9.646137437852686958e+00
3.826373440716145069e+01 7.234717651943830319e+00 3.206990622400020197e+00 4.450452530498678616e-01 -3.924774394390230514e-02 1.720257535138165483e+00 8.914341686060012648e+00 4.074870513982309816e+00 9.983404154869198743e-01
3.261568793118322418e+01 -8.097166099042353571e-03 -2.859282476838041764e-02 1.454485392283457523e+00 2.842169576328013036e+00 3.449589268247356788e+00 2.233223006321544801e+00 5.958129326124103287e+00 3.669827764453364338e+00
8.542495147452900284e+00 5.404981017640233532e+00 1.509604314295171790e+01 1.843432587304151227e+01 1.438727550422181700e+01 7.763126269976522664e+00 3.235952217505065676e+01 1.266408747694392645e+01 9.811936832282327714e+00
3.112163971305706767e+01 1.055916472652372562e+01 1.657639697363006093e+01 3.666091739167184116e+00 1.272632495811060593e+01 9.163432956169531352e+00 1.234859539399735695e+01 3.534535451192997169e+00 1.423146828320477120e+01
2.937284994713477104e+01 1.058051530654879002e+01 9.059010682542171011e+00 8.034857217121995632e+00 7.620195579135950581e+00 1.255104381614362374e+01 8.181675667785913930e+00 6.809798986799238563e+00 8.697607902664755031e+00
1.092097651728439267e+01 1.123187529777415428e+01 9.718830297512100813e+00 1.272319401953877005e+01 5.041468893004493523e+00 9.630809794195872797e+00 2.538022074829207497e+01 7.675454429953752822e+00 7.706576019671975253e+00
1.955665709313368694e+01 1.682299839731419766e+01 1.717246771654498616e+01 2.196593767863556934e+01 1.626075912542280477e+01 1.314272605895224899e+01 1.885026096766376469e+01 1.630209073109372042e+01 1.679133809970371161e+01
1.540091799384487814e+01 1.478903669818572553e+01 1.428427104120740943e+01 2.064387071326050815e+01 1.352296012823259552e+01 1.395541419025752106e+01 1.598484232031146313e+01 1.356576119453382212e+01 1.237497110036624015e+01
2.906990218165267148e+00 1.711040491796793006e+01 2.578424233052492021e+00 2.553512826686656911e+00 5.887534673713492595e+00 1.448357352641769236e+00 4.228234654770099965e+00 3.331831067575362848e+00 6.473245625097318268e+00
4.292993244883678727e+00 4.306170529793352131e+00 6.424474061255061486e+00 7.493099165334713430e-01 1.089117164889133571e+00 8.026905502064551889e-01 1.492307279654521501e+01 -3.298733906633190216e+00 5.097057770524584530e-01
4.123796301039771121e-03 1.347886971947652501e+00 1.438302851756949607e-01 1.685206682534585998e-03 4.669988282837662930e-03 7.144009962365688304e-02 -9.653516562076082733e-03 5.083035989829623702e+01 6.126996516772672763e+00
2.648194317390350250e+01 2.773773755063285407e+01 2.546160302081222682e+01 2.956512322110756230e+01 7.707245805988959475e+00 2.088304251898549424e+01 7.272020512965025318e+01 1.706485141731371868e+01 2.112142238902609392e+01
2.359184104442467955e+01 1.136028148408662730e+01 1.950790937698617356e+01 9.996542820399969997e+00 2.063381851934096289e+01 1.198442963501020841e+01 4.514145565903145751e+01 6.415562502960622027e+00 7.236994068319944517e+00
2.467205487488763685e-02 1.376067497885532909e+01 1.141894792202069464e+00 5.521717314707008484e+01 -9.009684534921954396e-04 3.907518894377349561e+00 -3.505677924260122008e-03 -1.814114122167921964e-04 7.086889812716381520e-01
1.607473675899312582e+01 7.132016438825390381e+00 1.272590835016577060e+01 2.804720846073713147e+01 5.412764196412364726e+00 1.537059188085426698e+01 2.400378008731341239e+01 1.105676092297058233e+01 3.870245275743003077e+01
3.528852307575576219e+01 1.966844905879264616e+01 2.214262466717430655e+01 5.985222578338360933e+01 2.168740410176116740e+01 1.529660788005025651e+01 2.731282775511906991e+01 2.573351883434334297e+01 1.915076753720185465e+01
5.617239349161502915e+00 1.143311192749352401e+01 3.880739970344544076e+01 8.608155809502761713e+00 4.341526787323514436e-02 5.269228163773092888e+00 4.318238768945658279e+00 6.677096805854423889e-02 5.036696295773301912e+00
3.378186308668011062e+00 3.530286120363508928e+01 4.222406562582952105e+00 1.627791811168114888e+00 2.191306430724637266e+00 2.559102506286232703e+00 5.212680423623472947e+00 7.200005841322849598e+00 3.260342891659472997e+00
2.328106711914138316e+01 2.999103998408134686e+01 1.870602837028524945e+01 3.534619794888308775e+01 2.305976180412756804e+01 2.369312672364908323e+01 3.020164818931645812e+01 2.887220761744487163e+01 2.134152211914267383e+01
3.348051491007455382e+01 2.807445540678759244e+01 2.306412345111867879e+01 3.410302307977897840e+01 2.815667659826371150e+01 3.200835465628355081e+01 4.171950112927359555e+01 2.568857653150759646e+01 2.122929300469785829e+01
4.192422495139032890e+01 9.370733702358785777e+00 1.357155403558739692e+01 1.737639777105925987e+01 1.144215925087410923e+01 5.268919007514522690e+00 1.650566267530884446e+01 1.085305820151937439e+01 1.699647800162063760e+01
2.445038251093885151e+01 1.805270490625116153e+01 1.960434142140703528e+01 1.706444764140406178e+01 1.918716967478055935e+01 1.835104168888728182e+01 3.311151537053635252e+01 2.145857187006460620e+01 1.340677665499172022e+01
2.065603408290996867e+01 2.058532186467947156e+01 2.143428504520971956e+01 2.197103315507299826e+01 2.054033957618291950e+01 2.090485221692955875e+01 2.463743297276629463e+01 2.084904826235817410e+01 2.115482126026110876e+01
2.138948935118044048e+01 2.088277261025222487e+01 2.037494629742148078e+01 2.481867279827166328e+01 1.910436404382689446e+01 2.089721713609140608e+01 2.066525029627603516e+01 1.823981403403843871e+01 2.107358055533107688e+01
3.544124599489941296e+00 6.986166842568644064e+00 1.001262629069184840e+01 6.201139936749599180e+00 3.312874183000670936e+00 1.072182333701630519e+01 6.043270861976639985e+00 7.046648705273174329e+00 1.792511029043553705e+01
2.039203192802291298e+01 8.222335920457203073e+00 3.656813028386542097e+00 8.662840313566569250e+00 1.081014129561523340e+01 1.503195040516426273e+00 6.868098819958555978e+00 -3.249973169641247051e-01 9.046036179261447430e+00
1.165750578892515144e+01 -5.033971909123700073e-01 -5.718244781002369478e-03 1.169974513125557891e+01 1.013527430741649660e+01 4.493429913765426775e+00 4.708998226501096354e-03 9.726964104157607593e+00 8.598908001958460545e+01
1.022352036298996723e+02 1.011107733890309959e+02 1.004328335355437645e+02 1.163363190841755994e+02 8.943760666612081422e+01 9.009241747918510157e+01 1.087217503651862671e+02 9.235018155427491138e+01 9.370253791812442046e+01
6.831640644610783397e+01 1.080630088609516122e+02 6.826095899004070588e+01 6.878954187939655185e+01 7.793440976283311272e+01 8.194426697149683037e+01 6.236845484281842289e+01 5.478395667295977489e+01 5.265194107086821163e+01
8.400098385410283086e+00 8.830039945749690844e+01 -2.108495148442461609e-03 -4.586229785947422422e-04 3.664419487985945412e-03 7.039710846332000380e-03 -1.256804429090305208e-03 1.121373540366571930e+01 3.844634613988790584e+00
2.659050461179098690e+01 1.754852623037331227e+01 5.987948757861355276e+00 2.446190434903893873e+01 7.856149352854387757e+00 2.093920363466521906e+01 7.856198035239819433e+01 8.549635594742781564e+00 2.728960053397007357e+01
8.341632215357778080e+01 7.883193977614558889e+01 7.683728996201567440e+01 8.964758541361506161e+01 7.742795108349409361e+01 7.982061484646300187e+01 7.950092428509979925e+01 7.753603009086968711e+01 8.034383752476821883e+01
8.408337053207689848e+01 7.629628075908163964e+01 7.114640859913949100e+01 7.255714894403345738e+01 6.646619573219723520e+01 6.924916907776260189e+01 7.767849382451862539e+01 6.836057065614889439e+01 6.687771736278972412e+01
1.051929266048133016e+01 1.153491478721995200e+01 1.277727071464252617e+01 5.392230823251835670e-01 1.304063252281389396e+01 7.191010112930792175e+00 5.782709795030420707e+00 4.555691141532679467e+01 7.867237703137963223e+00
3.434479902878009483e+01 3.457394833238847554e+01 3.584105014121565347e+01 4.118474759475121516e+01 2.939049368225290237e+01 3.278608473440215931e+01 4.338668916376638407e+01 3.294558569719688279e+01 3.847845102793213101e+01
4.506630389928650260e+01 4.450009614469517771e+01 4.666020082198858177e+01 5.183864865081832818e+01 4.599234353059346603e+01 4.468248069462404004e+01 4.800123130129168914e+01 4.624379245702186125e+01 4.525359844994540737e+01
4.857041516487552713e+01 4.464846210390865622e+01 4.493102008164993322e+01 4.560240871289555997e+01 5.359108359038204838e+01 4.604514779820394210e+01 4.466849370783877049e+01 4.614708511155019721e+01 4.478303533523842361e+01
4.342832590812346893e+01 2.675242130319100298e+01 3.123644423736679698e+01 3.631040061403972885e+01 2.601995903667069854e+01 2.718935765501467117e+01 2.158053560073361155e+01 3.468588644594362336e+01 2.453794151756820696e+01
1.824270690421897001e+01 1.714761255645337812e+01 1.676960635758060292e+01 1.616202517810634376e+01 1.795409025010484783e+01 1.541952868666623111e+01 1.752262130036417176e+01 2.434590977579681947e+01 1.471621459701260015e+01
2.440043524625706084e+01 2.649998313813272333e+01 2.515869494602874212e+01 2.525398114274269190e+01 2.483709707672799993e+01 2.478788730305968357e+01 2.727669719800172032e+01 2.473298299157778501e+01 2.522034420627359452e+01
2.866650190365037076e+01 2.778594697020955806e+01 2.868090525092138066e+01 2.855167878762440026e+01 2.863719618144289925e+01 2.708301511364023639e+01 3.007578966735893289e+01 2.801151483270864873e+01 2.838158936375617003e+01
1.582433467335762955e+01 1.104530794531561710e+01 1.180435208490220589e+01 3.060207928438031644e+01 6.774901056481778205e+00 1.521762047895978043e+01 1.164580463851319614e+01 1.257883861132945214e+01 1.550594953705929413e+01
4.131199709977257051e+00 1.377352574692380038e+01 1.602156124731982656e-01 -9.589566928717324287e-03 7.927775876006275979e+00 -1.212464739501492930e-03 9.152608804264655618e+00 8.611385012695913588e+01 6.379760488655528583e+00
9.885710853505395335e+01 1.038262814354841765e+02 9.680548611618118571e+01 1.161162723562423054e+02 9.641106477878858527e+01 1.006383004266232177e+02 9.549414927467375946e+01 1.005236763126768977e+02 9.168459557272510096e+01
1.093063000947277033e+02 4.030374743392538761e+01 5.345647116743381133e+01 2.960199677432257914e+01 1.795367511003600214e+01 3.779936333417253280e+01 4.357772337053089018e+01 4.874742281653227849e+01 9.367113652678847657e+00
-7.502273300905484832e-03 -6.911295244900401633e-03 5.100709104426519661e-03 1.102966378451943719e+01 6.153296623129788159e-03 -5.920286473535124605e-04 -3.084660758131430383e-03 -4.997490661686459362e-03 8.695255121384899155e+01
6.960763539264470978e+01 1.733366939220044500e+01 6.974871951722045438e+00 1.196309461309585132e+01 5.653311820617958894e+00 1.791991873749054065e+01 3.297643087737260714e+01 7.875138277419245769e-01 1.589649799234078209e+01
9.013743805726838332e+01 8.387383194020392807e+01 8.399412524663381419e+01 7.988297029474996691e+01 8.163605125794451567e+01 8.475586780404418619e+01 8.283125786854523653e+01 7.976112089485914680e+01 8.123883989597662492e+01
6.507996799965931700e+01 6.923335663821769970e+01 6.824735896734196672e+01 8.589166569584573097e+01 5.614209958403223055e+01 7.587296792368333342e+01 6.369889323901863065e+01 6.988542426568254484e+01 6.578000223219518716e+01
1.384921519527519407e-01 5.978708378567017689e+01 7.969668127483802600e+00 5.516837041428980903e+00 1.479156308526013708e-01 1.824328477153758232e-01 6.148219484182345873e+00 1.001815005293115490e+01 2.495694369414236669e-01
1.909037246777410601e+01 2.357341574973595399e+01 4.523434873555773805e+01 2.113940489010141732e+01 1.506241283319154434e+01 2.676368112584554382e+01 2.457280039874416744e+01 1.318684525769460159e+01 1.990550611380391288e+01
4.681499513254960476e+01 4.580605090658492884e+01 4.596621750118067951e+01 4.549700757154633379e+01 4.414968082407297345e+01 4.462431077770026633e+01 4.713413573417191316e+01 5.086871069061055550e+01 4.700061482866467344e+01
4.711244947968570074e+01 4.736113622511459909e+01 4.673312997084674691e+01 4.690685289032086303e+01 4.718434622569002812e+01 5.010625120276469602e+01 4.709817025176791105e+01 4.718978036499242990e+01 4.658683411113317874e+01
1.488624551351731462e+01 1.228715074259884510e+01 1.826104190074274314e+01 1.155335133257922209e+01 2.211769712757991257e+01 4.505669249319686287e+01 2.025776666468334497e+01 1.611518583859462694e+01 1.512367827927088371e+01
7.231390284871607399e+00 2.585693109967449033e+01 1.158894584830395580e+01 5.546981126062023648e+00 7.654365487251109101e+00 1.044565816888784937e+01 8.769097445624890241e+00 9.399609269647266174e+00 1.563602267428217729e+01
2.657200931008519262e+01 2.430577753576676514e+01 2.281225105243130358e+01 2.619353696237663343e+01 2.424806580224103314e+01 2.595296777547068245e+01 2.830481030779123941e+01 2.259852707523599946e+01 2.525366785005478931e+01
2.875124962104800375e+01 2.884112662307751052e+01 2.233902967137721163e+01 2.886820630712880487e+01 2.493089151936263193e+01 3.150458198100905705e+01 2.875233495033961972e+01 2.897055984855306221e+01 2.726295281880678090e+01
1.007582705401194723e+01 9.257434008365180489e+00 1.246915358542166175e+01 1.034572915096085310e+01 3.115532044476856299e+01 3.028843587984823671e+00 8.567122872102647335e+00 3.092386371529314282e+00 1.198137422375608629e+01
8.483190166720596670e-01 1.791448416249443554e+01 8.260642093269102304e+01 2.217952858068314548e+00 1.599691451255939256e+00 7.983505148043771094e+00 7.361579468594442233e+00 6.718173294621235137e+00 -5.719849898824412408e-03
1.035873725758140722e+02 9.947197519517771980e+01 1.029559917920614964e+02 9.979363828453956842e+01 1.010718906604955976e+02 1.046827572808971070e+02 1.010892843220016459e+02 1.056503478087534376e+02 1.163446407917995202e+02
6.702164346557800911e+01 7.467124692113098661e+01 6.255410864115125236e+01 1.095910537501331845e+02 8.197703560100586628e+01 7.853502570835293284e+01 7.478275177407107321e+01 6.805620921139865231e+01 8.596874673838335923e+01
-2.438835052593220018e-03 2.849085163207077898e+01 8.620630315464427804e-03 5.283202668984609218e+00 -5.429376296517208003e-03 1.009513402610836010e+02 4.544457418057985809e-03 -7.188984401079501901e-03 4.669961847097175323e+00
1.778585577369697290e+01 2.454414350805045686e+01 2.031880780056638969e+01 2.254191420634592902e+01 3.474112835506773678e+01 1.928265168421132358e+01 1.828521614512947480e+01 6.478767206887845020e+00 7.297944268276103230e+01
7.906548977093025599e+01 8.277304882102134798e+01 7.677489360386559270e+01 8.002542200563216568e+01 7.281151757130146507e+01 8.076628100355350171e+01 8.072563726154720598e+01 8.469011467033762131e+01 8.879122688792536167e+01
7.935643746408646848e+01 7.534686298603266152e+01 7.836719101867375059e+01 7.107986747958716478e+01 7.537777543817381343e+01 8.341493628151734185e+01 7.414835637660799250e+01 7.328514851501876137e+01 7.929278789173424968e+01
1.433535635837727185e+01 8.571089367939739745e+00 1.047495516919874348e+01 1.283091224976905309e+01 6.270988527818111002e+00 -2.561452453135766409e-03 3.082632755270604985e+00 5.696412153137135448e+01 1.149086117368962867e+01
2.830534940642389685e+01 2.170843127301106534e+01 2.517599342550043673e+01 2.410384703841578258e+01 1.978763813852026487e+01 1.420871462052221723e+01 2.053602176255383682e+01 2.070356656814026763e+01 4.424181888403415996e+01
4.452492813816642325e+01 4.562309154651111953e+01 4.518539618297444349e+01 4.423038243215668786e+01 4.340377497322047162e+01 4.366762811250001164e+01 4.577254974823915035e+01 4.625603325078594708e+01 4.937867891938456921e+01
4.571725005554826993e+01 4.493657211706707955e+01 4.515953929560171076e+01 4.568382966028561043e+01 4.556688691173829397e+01 5.452439970403144542e+01 4.480639358638803316e+01 4.645982538267733020e+01 4.558072281201852149e+01
1.158026267824996758e+01 2.422335231294733759e+01 1.765722482370914648e+01 2.951921628277051823e+01 1.204151203382381929e+01 1.216644553065511047e+01 1.802588878751879875e+01 3.045066109115758479e+01 3.702139424517695687e+01
9.538341599156115791e+00 1.339571737647776217e+01 1.341144128555591131e+01 7.217503581655396516e+00 1.321968120753011888e+01 2.423361544573041826e+01 1.090776648373381441e+01 8.902559798420710990e+00 1.327619846427466577e+01
2.609810046338873946e+01 2.570934586746685824e+01 2.383729626543716762e+01 2.379736456627762209e+01 2.719848615113735235e+01 2.657276334401779749e+01 2.403327946840786566e+01 2.553634827927993456e+01 2.962158229074364257e+01
2.816205356869322429e+01 2.719085713003348914e+01 2.566297980336051410e+01 2.733999140308603870e+01 2.814777725452517387e+01 2.818531391585802837e+01 2.691535317449877596e+01 2.909101786075184748e+01 2.834817944809965695e+01
9.929082598683343974e+00 1.235534208102700049e+01 2.283659777071708064e+01 1.166222025962171749e+01 1.805477103576938447e+01 2.922047036075094084e+01 1.900055893847542521e+01 1.306107947127147639e+01 1.422442084225298942e+01
5.950091197465161574e-01 3.403773640328304140e+01 1.810165659051786058e+00 1.825305145175404764e+00 9.524466996092432192e-01 7.082036742778667460e+00 2.833639801739280539e-01 9.743065363696770120e-01 -6.040476656926229912e-03
1.485323371232510326e+01 1.167800442144492834e+01 2.648864009358075933e+01 2.331586899031518811e+01 2.158749130147956663e+01 7.353406891842009685e+00 9.883782336264257395e+00 8.914868517536486081e+01 3.265803714231840615e+01
6.651281496834390339e+01 6.870983113903667672e+00 1.996243587973433975e+01 2.369318082647689749e+01 9.427664286638835378e+00 1.251467381829575487e+01 6.370657003176564359e+00 4.237067376567617671e+00 2.363591708625496057e+00
6.297548998620249705e+01 1.788277656658455950e+00 4.513572445681686141e+00 1.152681408967681342e+01 3.024988705652573856e-03 1.724134313999387269e-01 6.217240723458304294e-03 1.480510749174796636e+00 4.621699411466532667e-03
4.392045505829542407e+01 1.420869934704979798e+00 8.268890997182690938e+00 7.474170701295387964e+00 4.370693455240027420e-02 1.014216529434026093e+01 1.187055035953228632e+01 4.282085428349891032e+00 1.851543059535366353e+01
2.720772810125370711e+01 3.453014093059521628e+01 5.112137758828960443e+01 2.911057698361782897e+01 1.935141669015176191e+01 3.304524872571171557e+01 3.107029666659067502e+01 3.132142530010589354e+01 6.627565585248517266e+01
8.189765628471420200e+00 1.213474117444385669e+01 6.286120218414070848e+01 2.287372766784330480e+01 1.095307892471872080e+01 7.860635440178869615e+00 1.813407728415260678e+01 7.412846409981297846e+00 1.159568344455820466e+01
3.977282673454244133e+01 8.591797112584989904e+00 3.382749892965676075e+00 6.568823060880031595e-04 2.889131677714546154e+00 1.099379106746665613e+01 1.870587545027626364e+00 -9.929165774737165259e-03 9.093792057802275508e+00
1.902659756448263551e+01 1.616691665601088701e+01 2.663302680874212669e+01 1.782963015314913591e+01 1.956399703194941608e+01 1.619809687866709424e+01 1.733864642565808722e+01 3.557607709524341999e+01 2.238141421035949818e+01
2.498841354123375424e+01 2.040060436893130813e+01 2.325478639775953482e+01 2.692441230863482104e+01 2.480894382656124009e+01 3.914805759625379267e+01 1.783627249317207486e+01 2.504376703312816943e+01 2.838076014805444558e+01
1.498638304679293753e+01 1.936447214877560441e+01 2.195309351733635950e+01 1.675343885320806692e+01 1.987159454867077102e+01 3.011850058992218493e+01 2.318076438851941390e+01 1.378044692570104957e+01 2.365002611485806838e+01
6.734010573282784407e+00 1.613257987327821397e+01 1.185915251540254900e+01 3.130237427915582060e+01 1.345733937544843783e+01 1.566008617194696839e+01 1.336918279741453119e+01 1.103221659486151829e+01 1.000855473668217144e+01
6.286805373195273994e+00 3.140844439978586866e+00 8.717017147645909958e+00 7.583615205440436213e+00 4.223301766284224712e+00 4.216944850176722603e+00 1.767733311143480535e+01 -4.028899194926152116e-01 2.595369516840591473e+00
6.533732176427831106e+00 1.445903630956617558e+00 6.557833932612450845e+00 8.181899363134963465e+00 6.132759073473227573e+00 6.904492789813914122e+00 1.541484265047368041e+01 7.074035298238676717e+00 7.719198297416852483e+00
6.311747140805734624e+00 6.561000980048514286e+00 7.714516446085994517e+00 1.724620798180083625e+01 7.707992934335572421e+00 3.013173575920299996e+00 5.455506046519772667e+00 6.271720030389749567e+00 9.891641220981012950e+00
8.363259593134056757e+00 3.236766063058094112e+00 1.948946985820700917e+01 8.503967820804451350e+00 8.076558714778524717e+00 6.823064414693522650e+00 9.961031747530645575e+00 9.126954775623854488e+00 9.991683465841042278e+00
-9.587159562190585363e-03 1.862684666504115016e+00 -2.631321376219788663e-03 1.592485379694084588e-03 -9.927546591916578886e-03 2.663429830702583345e+01 2.711419336319814133e-01 3.036653176258605202e-01 3.623487704388386049e-03
2.099967240664371460e+00 7.847522463806934745e+00 8.386044749264353726e+00 3.231976663413915318e+00 4.300845324458069108e+00 6.108799618017820166e+01 7.631419914068705346e+00 1.227047531607960096e+01 1.435262778347629009e+01
4.290020251082001579e+00 4.013845653535588198e+00 5.857352593478607616e+01 2.394426416248369271e+00 6.327827162949069439e+00 4.827559972818585621e+00 2.760709477968095626e+00 1.996093497290910290e-01 4.369348559181141844e+00
4.732057944039060916e-03 -7.468834301751678048e-03 6.053761178277579091e+01 -3.549799970696918862e-03 1.219169390293250643e+01 1.299470531936951778e-01 1.455254797036487302e+00 1.062971989883625490e+01 -5.391138978291369101e-03
9.261284516549753931e+00 3.608746252232291063e-01 1.329465267542817841e+01 3.016692621268194152e+00 5.684917946925223120e+00 7.168771816760932225e+00 1.882788172997541309e+00 4.306509351920055906e+00 4.073253601302568683e+01
5.090511651853780961e+00 7.927143715505455823e+00 1.570544754362987128e+00 4.428692731338422561e+00 -2.995231877190179137e+00 1.833071322666748415e+01 8.363354932494244665e+00 6.093633789172553605e+00 4.681336999661547793e+01
2.624135314042197908e+00 3.182480263403422072e+01 -3.309916085234511751e+00 -1.444122183163221163e-02 1.679987910214062019e+00 1.374621310105215954e+01 2.004701992126947996e+00 8.577526082897845683e+00 1.667290746613881713e-01
3.146157155496153379e+01 1.079076588664781955e+00 4.999213775240450630e+00 5.997994174484702512e+00 -7.632408893591669657e-03 1.829611592445589796e+00 1.445870807381434364e+00 1.005485164821487282e-01 1.596657099931005241e+00
2.527656159390491908e+01 4.733448295762421765e+00 1.028323768507190472e+01 7.468078690459499569e+00 3.558292937831829761e+00 7.914117990133208380e+00 9.462063402022916847e+00 5.463052716403155706e+00 9.969714161446242784e+00
1.368719722268837025e+01 1.245247674966406493e+01 1.238058767978922603e+01 1.037788091724162953e+01 1.113789511252499054e+01 1.546164501799938407e+01 1.221522265397766915e+01 9.269642632201986032e+00 2.313757581214061787e+01
1.331387190164918621e+01 1.485280197223205079e+01 2.417055406248151428e+01 8.406970550573557688e+00 7.776053123905864339e+00 6.629280376393700713e+00 9.605575468657814753e+00 1.177780449939771934e+01 1.219170046370449256e+01
9.394853845610404264e+00 8.832265843722634457e+00 7.247382989527811681e+00 4.035166806690431152e+00 6.931223870728274505e+00 2.272817952863484336e+01 5.539555515835982824e+00 7.390418647701231691e+00 9.122991112868369612e+00
-5.944428219743600472e-01 1.378286887220697698e+00 -1.937824606113022874e+00 2.311170419512701635e+00 1.420267906602197927e+00 -2.756529504396849184e+00 1.395317015138872208e+01 6.927674203040891321e+00 1.654218756491055542e+00
5.048903922074878814e+00 7.327815357845711475e+00 6.659591063491331120e+00 1.417267655468110554e+01 7.455975013595986134e+00 9.705328557031300818e+00 6.967840864219611241e+00 5.468293731009573833e+00 6.369716658552940558e+00
5.100992916696228008e+00 4.917797585420716544e+00 -1.256311933742536802e+00 -5.914445683794683717e+00 2.812350655602864791e+00 1.404949108129226865e+01 3.576564687924992825e+00 5.769091589370704654e+00 -2.087068950768105502e+00
2.000132778724684091e+00 5.195690326133743042e+00 -2.869191614202076135e+00 4.819441282955200023e+00 4.921177164233759171e+00 1.440906613488500732e+01 2.392168873506143711e+00 2.013125698749474779e+00 -7.205109149545170233e-01
1.856470780210603522e+00 -5.203436661447617684e-03 2.461039154454404687e-01 1.938241104221226152e+01 -2.495966174222122476e-03 -2.109950774366999102e-03 2.181253817938458184e+00 -7.293863285142912142e-03 -4.037462688393881304e-03
-8.932489026084709099e-03 7.308547885519230125e-02 1.324229493764633170e-01 1.781447973796363993e+00 1.780270727116570528e+00 1.008131072413036566e-01 3.868845799764990545e-01 1.543769138990398559e+01 9.959413843699082003e-01
2.991539751723599760e-01 2.706832742515703050e+00 6.227879322563154574e-01 1.954790170365541258e+01 -5.714234790315901591e-04 2.420663596387460925e-02 2.322976169109935429e-01 3.372996854791229099e-02 2.580784762673895560e-01
-7.847471787262950971e-03 5.598479251988072392e+00 -4.183915653137674009e-03 -2.439459428992658829e-03 -4.460155675477132931e-03 -2.301678281376205032e-03 3.412341587530541887e+01 -2.435989318435843182e-03 -6.035624792944322900e-03
7.717703520586795207e+00 6.687948630730572219e+00 3.665806819421816076e+00 1.027419810578601878e+00 5.674249509663985336e+00 2.898504942511760518e+01 -5.177990898043528800e-02 -1.086756994815166327e-01 2.537955840644444017e+00
5.980616312280012892e+00 1.850982280984101447e+00 1.670074779404967957e+00 5.703383529652655604e+00 4.390397972853723019e+00 -1.022836895541657576e+00 6.951839085917590921e+00 6.457853407855038697e+00 2.291508849296868888e+01
2.358836892705772215e+01 2.133932083130114066e+00 6.611326547057668535e+00 2.691083094850371893e+00 5.101447398916331366e+00 1.696366049024778944e+00 9.879226673254564162e+00 1.276821490351655930e+00 -1.051919276625554955e+00
2.644896109023406439e+00 1.998263777242588191e+01 1.230730268333075639e+00 3.464512640859306103e+00 3.435994035683648473e+00 6.249094347256725079e+00 4.663765266851305213e+00 2.067836921082934598e+00 2.734591078860155733e+00
1.179385216622024046e+01 5.767227042832652195e+00 7.447933441284201983e+00 2.017801229725772316e+01 8.920765284026833442e+00 9.044513263882574705e+00 1.280941696886238113e+01 7.990553513594277568e+00 1.120785772255152679e+01
1.120199524855911832e+01 9.878468074652008823e+00 9.572813322711514417e+00 2.129143268189585214e+01 1.144097139623731607e+01 1.266704828667384675e+01 1.128552493681719149e+01 1.044633769816619662e+01 8.941069303242597854e+00
1.118035369048678440e+01 1.203518522731036633e+01 6.965314635801869159e+00 1.279962215352563781e+01 1.033437539987025744e+01 1.976456393957246149e+01 1.146904771754463326e+01 1.164034944548509465e+01 1.066453105225671649e+01
5.086329542554827832e+00 4.172628067778430427e+00 9.030720199637267243e+00 1.927894691896674928e+01 9.016201992742219673e+00 8.711637331844062970e+00 2.714948097648587577e+00 7.357595304864599228e+00 8.078490537136763905e+00
7.096455722795556476e+00 3.599986607194878285e-01 1.105843605555586695e+00 1.727569483646846482e+00 1.953765985504481772e+00 8.342174477625807771e-01 1.343530196405043142e+01 -2.606661960892709295e+00 4.832205854859025429e+00
1.201996201111051121e+01 1.128826750287043623e+01 7.875398458261129164e+00 1.450179341219474161e+01 1.179801582367088386e+01 1.016543341378745779e+01 1.083753866595882087e+01 1.210311459294979031e+01 9.056053366995024945e+00
1.447980111432095640e+01 7.902587818574453138e+00 1.037223174399599657e+01 5.897613107503224761e+00 9.044265598508857806e+00 8.799043148881967369e+00 7.225943151288588773e+00 6.696996318061326114e+00 6.970838872862727520e+00
1.099329448183955016e+01 8.153003161918247699e+00 5.167308967265453745e+00 7.871259152745700760e+00 3.108321326180730537e+00 4.868167601988122151e+00 6.047553918542037721e+00 7.069991966580554177e+00 3.003488161363247588e+00
