-5.000e-02 -5.497e-02 2.309e+01 1.192e+02 0.000e+00 6.002e+00 8.304e+00 0.000e+00 0.000e+00
5.100e+02 0.000e+00 0.000e+00 8.003e+00 0.000e+00 4.873e+01 0.000e+00 7.331e+00 7.971e+00
7.958e+00 1.627e+01 -9.750e-02 2.139e+01 3.719e+00 5.486e+01 1.054e+01 6.090e+00 1.467e+02
3.842e+00 4.559e+00 6.607e+00 3.542e+00 1.127e+01 9.298e+00 3.857e+00 8.717e+01 7.236e+00
2.880e+01 0.000e+00 0.000e+00 0.000e+00 0.000e+00 0.000e+00 0.000e+00 0.000e+00 0.000e+00
0.000e+00 0.000e+00 0.000e+00 0.000e+00 0.000e+00 0.000e+00 0.000e+00 0.000e+00 0.000e+00
2.570e+01 0.000e+00 0.000e+00 0.000e+00 0.000e+00 0.000e+00 0.000e+00 0.000e+00 0.000e+00
2.743e+01 0.000e+00 0.000e+00 0.000e+00 0.000e+00 0.000e+00 0.000e+00 0.000e+00 0.000e+00
8.118e+01 8.128e+01 8.495e+01 8.594e+01 8.827e+01 8.878e+01 1.884e+02 9.318e+01 8.015e+01
2.070e+02 2.061e+02 3.204e+02 2.023e+02 1.611e+02 1.812e+02 1.665e+02 1.925e+02 1.808e+02
1.374e+02 1.387e+02 1.411e+02 1.477e+02 1.428e+02 1.402e+02 1.927e+02 1.315e+02 1.446e+02
6.589e+01 6.856e+01 7.377e+01 1.076e+02 9.260e+01 7.357e+01 6.822e+01 7.005e+01 6.591e+01
1.572e+01 1.558e+02 1.470e+01 1.785e+01 2.499e+01 2.496e+01 1.926e+01 3.321e+01 0.000e+00
1.370e+01 6.629e+00 2.643e+02 1.574e+01 2.166e+01 9.718e+00 0.000e+00 2.115e+00 0.000e+00
6.809e+01 3.579e+01 5.274e+01 1.494e+02 1.831e+01 1.751e+01 2.558e+01 3.239e+01 3.775e+01
7.696e+01 2.054e+01 4.574e+01 4.623e+01 3.672e+01 2.776e+01 2.977e+01 1.821e+01 3.693e+01
4.346e+01 3.962e+01 4.617e+01 4.434e+01 4.170e+01 4.883e+01 8.233e+01 5.008e+01 4.393e+01
9.922e+01 9.457e+01 9.907e+01 8.065e+01 9.247e+01 9.873e+01 1.024e+02 9.713e+01 7.815e+01
8.200e+01 8.410e+01 1.201e+02 8.231e+01 8.822e+01 8.112e+01 8.872e+01 8.335e+01 8.281e+01
3.870e+01 3.868e+01 4.528e+01 4.055e+01 3.848e+01 3.530e+01 4.165e+01 4.272e+01 6.542e+01
4.298e+01 1.582e+02 2.761e+01 2.980e+01 2.992e+01 3.858e+01 2.885e+01 2.674e+01 3.518e+01
1.379e+02 3.494e+01 3.019e+01 1.648e+01 1.183e+01 6.815e+00 1.083e+01 8.021e+00 1.032e+01
-4.955e+00 3.565e+01 9.631e+01 1.802e+01 4.771e+00 -5.503e+00 1.346e+00 1.807e+01 5.753e+00
3.039e+01 6.550e+01 3.259e+01 3.268e+01 2.992e+01 2.929e+01 2.660e+01 3.082e+01 2.918e+01
-1.578e+01 -1.468e+01 -1.525e+01 -1.388e+01 -1.482e+01 -7.175e+00 -1.460e+01 -1.431e+01 -1.337e+01
-1.067e+01 -1.170e+01 -1.214e+01 -1.097e+01 -1.218e+01 -4.934e+00 -1.066e+01 -1.144e+01 -1.131e+01
-3.113e+00 5.053e+00 -6.945e+00 -4.417e+00 -7.732e+00 -7.860e+00 -3.409e+00 -5.695e+00 -6.192e+00
-1.672e+01 -1.719e+01 -1.611e+01 -1.638e+01 -1.604e+01 -1.615e+01 -1.669e+01 -1.446e+01 -1.636e+01
-9.212e+00 -1.533e+01 -1.567e+01 -1.536e+01 -1.566e+01 -1.566e+01 -1.597e+01 -1.580e+01 -1.567e+01
-1.403e+01 -1.344e+01 -1.259e+01 -1.257e+01 -1.259e+01 -1.300e+01 -1.345e+01 -1.237e+01 -7.780e+00
-1.443e+01 -1.413e+01 -1.390e+01 -1.364e+01 -1.407e+01 -2.106e+00 -1.460e+01 -1.485e+01 -1.395e+01
-1.512e+01 -1.507e+01 -1.507e+01 -1.508e+01 -1.594e+01 -1.520e+01 -1.527e+01 -1.505e+01 -1.086e+01
4.237e+02 7.800e+02 5.763e+02 3.634e+02 7.717e+02 7.444e+02 1.146e+03 6.655e+02 5.281e+02
1.097e+03 4.612e+02 5.415e+02 6.322e+02 7.090e+02 7.213e+02 7.294e+02 8.498e+02 7.260e+02
7.856e+02 5.593e+02 6.250e+02 5.010e+02 5.662e+02 7.840e+02 5.474e+02 5.173e+02 6.153e+02
6.327e+02 5.709e+02 6.836e+02 1.195e+03 6.708e+02 5.946e+02 8.258e+02 5.924e+02 4.668e+02
1.199e+03 0.000e+00 0.000e+00 1.070e+02 1.024e+02 4.269e+00 -3.333e-02 1.571e+02 5.261e+01
4.552e+02 0.000e+00 0.000e+00 0.000e+00 0.000e+00 7.404e+01 0.000e+00 0.000e+00 0.000e+00
1.097e+02 1.025e+03 0.000e+00 0.000e+00 0.000e+00 0.000e+00 0.000e+00 0.000e+00 5.436e+01
1.088e+03 2.497e+02 0.000e+00 0.000e+00 2.262e+02 2.162e+02 1.383e+02 1.684e+02 1.045e+02
6.049e+02 6.538e+02 6.199e+02 6.205e+02 6.051e+02 5.993e+02 6.198e+02 5.984e+02 5.929e+02
4.895e+02 4.910e+02 4.829e+02 4.852e+02 4.885e+02 4.873e+02 4.902e+02 4.878e+02 4.847e+02
4.357e+02 4.279e+02 4.340e+02 4.701e+02 4.265e+02 4.340e+02 4.362e+02 4.340e+02 4.383e+02
4.752e+02 4.733e+02 4.760e+02 5.459e+02 4.683e+02 4.842e+02 4.839e+02 4.714e+02 4.640e+02
7.430e+02 2.894e+02 3.121e+02 2.145e+02 2.116e+02 2.741e+02 3.484e+02 2.677e+02 3.347e+02
5.684e+02 4.246e+01 2.934e+01 0.000e+00 3.542e+01 0.000e+00 0.000e+00 3.539e+01 8.086e+00
3.762e+02 2.164e+02 1.614e+02 1.353e+02 1.049e+02 2.927e+01 1.334e+02 4.949e+01 6.653e+01
3.416e+02 4.925e+02 1.830e+02 3.713e+02 3.603e+02 1.888e+02 2.717e+02 2.713e+02 2.671e+02
2.941e+02 2.840e+02 2.846e+02 2.891e+02 2.943e+02 2.809e+02 3.426e+02 2.940e+02 2.548e+02
2.147e+02 2.231e+02 2.168e+02 2.110e+02 2.116e+02 2.141e+02 2.151e+02 2.046e+02 2.365e+02
1.979e+02 1.976e+02 1.975e+02 1.982e+02 1.966e+02 1.938e+02 1.978e+02 2.203e+02 1.980e+02
2.450e+02 2.451e+02 2.282e+02 2.686e+02 2.352e+02 2.279e+02 3.019e+02 2.316e+02 2.156e+02
3.391e+02 2.046e+02 2.380e+02 1.328e+02 1.160e+02 2.186e+02 2.884e+02 1.424e+02 1.677e+02
3.228e+00 2.526e+02 1.023e+01 1.830e+01 2.384e+01 3.425e+01 0.000e+00 3.240e+00 0.000e+00
2.807e+01 2.023e+02 2.067e+01 2.016e+01 4.258e+01 2.839e+01 7.029e+01 3.870e+01 1.747e+01
2.425e+02 1.595e+02 9.196e+01 1.182e+02 1.275e+02 1.005e+02 1.111e+02 1.328e+02 1.368e+02
4.327e+01 1.178e+01 1.688e+01 -1.125e+00 4.653e+00 1.201e+01 2.546e+02 2.603e+01 4.916e+00
1.397e+01 1.113e+01 2.399e+01 9.436e+01 2.225e+01 1.138e+01 1.686e+01 2.045e+01 1.728e+01
2.698e+01 3.196e+01 3.103e+01 2.794e+01 2.262e+01 3.159e+01 3.375e+01 3.464e+01 4.986e+01
2.176e+01 2.306e+01 2.230e+01 1.805e+01 1.425e+01 1.432e+01 1.277e+02 3.380e+01 2.847e+01
4.179e-01 -9.589e-01 1.317e+00 2.124e+02 2.257e+00 -9.071e-01 4.145e+01 -4.470e-01 -4.503e-01
4.767e+00 -9.295e-01 -9.384e-01 4.746e+01 -9.101e-01 -7.477e-01 -9.443e-01 -1.000e+00 -1.847e+00
-4.624e+00 2.581e+00 9.016e-01 3.454e+01 4.072e+00 -7.195e+00 1.641e+00 -4.636e+00 3.392e+00
2.155e+01 6.952e+00 8.058e+00 1.172e+02 2.950e+01 1.768e+01 1.326e+01 2.837e+01 3.484e+01
5.336e+02 7.110e+02 6.816e+02 6.492e+02 9.858e+02 6.753e+02 9.068e+02 7.971e+02 7.467e+02
6.119e+02 3.243e+02 3.653e+02 1.083e+03 5.184e+02 5.631e+02 4.841e+02 3.364e+02 4.872e+02
1.030e+03 5.761e+02 5.412e+02 5.903e+02 5.912e+02 6.407e+02 6.900e+02 7.788e+02 4.962e+02
8.858e+02 7.903e+02 1.125e+03 6.605e+02 8.079e+02 7.685e+02 5.489e+02 5.703e+02 8.973e+02
1.169e+03 5.207e+01 5.272e+01 0.000e+00 5.829e+01 0.000e+00 0.000e+00 3.653e+02 5.164e+01
8.581e+02 5.512e+01 0.000e+00 5.076e+01 0.000e+00 0.000e+00 2.094e-01 1.045e+02 5.042e+01
9.129e+02 0.000e+00 5.514e+01 0.000e+00 0.000e+00 0.000e+00 0.000e+00 0.000e+00 5.688e+01
1.192e+03 0.000e+00 6.623e+01 0.000e+00 5.239e+01 1.102e+02 6.426e+01 5.397e+01 5.165e+01
6.172e+02 6.818e+02 6.335e+02 5.796e+02 6.423e+02 7.080e+02 6.181e+02 6.269e+02 6.376e+02
4.609e+02 4.745e+02 4.558e+02 5.129e+02 4.682e+02 4.392e+02 4.838e+02 4.976e+02 4.895e+02
4.680e+02 4.679e+02 4.695e+02 4.627e+02 4.687e+02 4.778e+02 4.688e+02 4.687e+02 4.689e+02
4.809e+02 4.820e+02 4.799e+02 4.888e+02 4.764e+02 5.240e+02 4.850e+02 4.884e+02 4.840e+02
4.282e+02 5.449e+02 4.033e+02 3.469e+02 3.938e+02 3.075e+02 3.732e+02 4.079e+02 3.158e+02
9.243e+01 2.056e+02 1.343e+02 3.211e+02 1.151e+02 1.350e+02 6.254e+01 1.085e+02 3.946e+01
5.688e+02 8.320e+01 4.823e+01 2.522e+01 5.657e+00 7.927e+01 0.000e+00 4.749e+01 2.181e+01
5.871e+02 2.754e+02 2.648e+02 2.887e+02 3.043e+02 1.701e+02 2.641e+02 1.958e+02 3.214e+02
4.477e+02 4.356e+02 4.611e+02 4.486e+02 4.578e+02 4.866e+02 4.481e+02 6.130e+02 4.511e+02
2.045e+02 1.896e+02 2.050e+02 2.031e+02 2.027e+02 2.075e+02 2.031e+02 2.040e+02 2.251e+02
1.928e+02 1.928e+02 1.928e+02 1.897e+02 1.920e+02 1.917e+02 1.928e+02 1.920e+02 1.938e+02
2.640e+02 2.672e+02 2.602e+02 2.496e+02 2.593e+02 2.942e+02 2.317e+02 2.586e+02 2.597e+02
4.274e+02 2.975e+02 2.793e+02 2.045e+02 1.951e+02 2.285e+02 1.557e+02 2.544e+02 2.109e+02
6.836e+01 1.062e+02 1.936e+02 9.667e+01 8.692e+01 8.451e+01 8.233e+01 8.263e+01 8.273e+01
-6.603e-02 2.492e+02 3.304e+01 1.656e+01 2.557e+01 4.651e+01 1.607e+01 4.743e+00 4.837e+00
2.952e+02 1.066e+02 1.164e+02 1.071e+02 9.977e+01 1.465e+02 6.916e+01 1.457e+02 3.232e+01
2.414e+01 1.258e+01 2.054e+01 2.411e+01 1.688e+01 2.903e+01 2.483e+01 1.823e+01 7.746e+01
4.083e+00 6.997e+00 8.059e+00 5.063e+00 5.124e+00 1.839e+01 2.512e+00 3.435e+00 5.298e+00
3.365e+01 5.174e+01 3.082e+01 3.421e+01 3.376e+01 3.168e+01 3.070e+01 3.016e+01 3.129e+01
2.980e+01 5.528e+01 2.712e+01 2.057e+01 4.962e+01 2.194e+01 1.337e+01 3.339e+01 1.295e+02
1.151e+01 2.293e+01 2.337e+01 1.195e+01 1.344e+01 5.333e+01 1.070e+01 1.907e+01 2.306e+01
-7.580e-01 5.044e+00 -7.503e-01 -5.698e-01 -8.049e-01 -9.135e-01 -7.994e-01 -7.538e-01 -9.459e-01
2.108e+01 4.507e+01 2.367e+01 2.331e+01 2.050e+01 2.362e+01 2.002e+01 2.296e+01 2.382e+01
4.749e+01 4.229e+01 4.712e+01 2.076e+01 2.467e+01 1.256e+02 3.867e+01 4.698e+01 1.813e+01
3.541e+01 3.688e+01 1.464e+01 1.916e+01 1.631e+02 2.559e+01 3.847e+01 1.452e+01 2.922e+00
1.235e+01 9.528e-01 1.210e+01 8.131e+00 2.322e+00 3.935e+00 2.126e+02 2.631e+01 1.101e+01
6.097e+00 4.387e+02 1.882e+01 1.032e+01 0.000e+00 0.000e+00 0.000e+00 1.702e+01 1.010e+01
1.495e+01 2.172e+02 0.000e+00 1.562e+01 1.746e+01 5.375e+00 2.641e+01 1.740e+01 1.177e+00
7.052e+01 7.964e+00 0.000e+00 5.886e+00 0.000e+00 0.000e+00 0.000e+00 0.000e+00 0.000e+00
3.533e+01 0.000e+00 0.000e+00 1.753e+00 0.000e+00 0.000e+00 0.000e+00 0.000e+00 0.000e+00
0.000e+00 0.000e+00 0.000e+00 0.000e+00 0.000e+00 0.000e+00 0.000e+00 0.000e+00 0.000e+00
0.000e+00 0.000e+00 0.000e+00 0.000e+00 0.000e+00 0.000e+00 0.000e+00 0.000e+00 0.000e+00
1.235e+02 1.182e+02 1.068e+02 1.196e+02 1.066e+02 1.431e+02 1.207e+02 1.136e+02 2.476e+02
2.465e+02 1.626e+02 1.470e+02 1.406e+02 1.297e+02 1.776e+02 1.190e+02 1.402e+02 8.935e+01
1.165e+02 1.889e+02 3.321e+02 1.239e+02 1.256e+02 1.165e+02 9.840e+01 1.214e+02 1.537e+02
1.159e+02 2.734e+02 1.466e+02 1.291e+02 1.281e+02 9.651e+01 1.120e+02 1.377e+02 1.113e+02
3.633e+01 7.079e+01 2.391e+02 6.249e+01 7.519e+01 6.366e+01 6.520e+01 8.138e+01 6.076e+01
8.398e+00 2.728e+01 2.099e+02 3.908e+01 3.221e+01 7.411e+01 5.354e+01 4.251e+01 4.465e+01
1.880e+01 2.237e+01 5.980e+01 -8.445e-02 1.256e+01 8.853e+00 5.377e+00 8.376e+00 1.137e+02
2.065e+00 1.248e+02 8.721e+00 5.968e+00 8.099e+00 -2.296e-01 8.029e+00 6.194e+00 3.406e+00
1.095e+02 1.058e+02 1.125e+02 1.129e+02 1.131e+02 1.074e+02 1.132e+02 9.964e+01 1.132e+02
9.307e+01 9.228e+01 9.111e+01 8.701e+01 9.087e+01 9.297e+01 8.116e+01 8.413e+01 9.315e+01
1.071e+02 1.035e+02 1.585e+02 8.306e+01 8.587e+01 1.017e+02 8.773e+01 9.253e+01 6.760e+01
7.076e+01 5.845e+01 8.280e+01 5.649e+01 4.917e+01 1.011e+02 6.540e+01 4.698e+01 5.214e+01
1.372e+02 3.048e+01 3.926e+01 3.140e+01 3.429e+01 3.184e+01 3.611e+01 3.088e+01 2.944e+01
7.809e+01 7.598e+01 1.074e+02 7.727e+01 7.720e+01 6.645e+01 6.503e+01 5.919e+01 6.009e+01
1.429e+00 1.400e+02 5.485e+00 3.922e+00 2.921e+00 1.626e+01 1.091e+01 1.592e+01 -2.532e+00
3.313e+01 6.766e+01 3.228e+01 3.207e+01 3.917e+01 3.494e+01 3.244e+01 3.416e+01 3.500e+01
-9.691e+00 -1.121e+01 -1.052e+01 -1.023e+01 -9.326e+00 -9.692e+00 -1.083e+01 -1.167e+01 -3.460e+00
-5.012e+00 -5.911e+00 -6.441e+00 -6.373e+00 -5.433e+00 -2.750e+00 -4.097e+00 -5.919e+00 3.915e+00
2.666e+00 2.975e-01 5.203e+00 -1.236e+01 -7.858e-02 -4.328e+00 -6.529e+00 -4.366e+00 -3.247e+00
-1.504e+01 -1.500e+01 -1.506e+01 -1.551e+01 -1.529e+01 -1.588e+01 -1.588e+01 -1.481e+01 -9.361e+00
-7.048e+00 -7.883e+00 -7.120e+00 -8.399e+00 -7.324e+00 -1.087e+00 -9.694e+00 -8.061e+00 -6.837e+00
-4.819e+00 -5.616e+00 -6.505e+00 -5.484e+00 -5.118e+00 2.369e+00 -7.103e+00 -8.419e+00 -6.807e+00
1.942e+01 -1.008e+01 -1.109e+01 -1.119e+01 -1.143e+01 -7.777e+00 -9.491e+00 -1.099e+01 -9.956e+00
-1.088e+01 -1.392e+01 -1.389e+01 -1.372e+01 -1.443e+01 -1.447e+01 -1.383e+01 -1.382e+01 -1.399e+01
