qtable = [
    [23.14688965,  1.49394843, 32.57290065],
    [14.00565058,  0.        ,  0.        ],
    [ 4.53975719,  0.        , 17.70553894],
    [23.68696476, 34.93736122, 26.58115067],
    [41.86487944, 32.82573966, 32.29983916],
    [38.84866   , 19.50892394, 15.96510776],
    [22.18549684, 45.44326981, 34.14509537],
    [26.01110775, 29.38697977, 30.50172518],
    [26.5807516 , 19.16301769, 24.94033359],
    [-2.37441406,  5.56017576,  5.72274933],
    [ 5.83470262,  4.82533995, 12.96967281],
    [14.41953517, 10.69543715, 18.80757102],
    [ 8.58400389, 30.25077372, 15.77030776],
    [45.46326147,  0.        ,  0.        ],
    [29.56434674, 34.37983154, 21.32364301],
    [ 5.89180003, 33.55820076, 69.80155012],
    [20.0625081 , 29.50544144, 39.11685274],
    [12.90911545, 41.16238634, 10.51110987],
    [25.89113709, 36.0110772 , 52.4609217 ],
    [46.13707323, 21.00112137, 43.353949  ],
    [20.60369159, 22.10790517, 19.06241042],
    [12.50061521,  9.95140399,  9.54247183],
    [ 7.48707335,  7.99353707, 16.67290552],
    [10.17910864, 10.24005715, 25.04759217],
    [10.61860287,  4.08131358, 15.85447759],
    [ 7.77329102, 19.17333972, 87.04448862],
    [15.04769605, 21.92440352, 27.47397771],
    [20.85951994, 21.41026131, 25.2679639 ],
    [10.67872647,  7.47398165, 51.75777418],
    [69.9130351 , 30.50171945, 33.25378326],
    [18.7339434 , 14.84070341, 11.03889379],
    [14.67484486, 13.76437597, 25.73468213],
    [17.11380227, 26.07962054, 94.48419909],
    [-2.1       , 18.47671861,  0.        ],
    [43.46248494, 11.45638298, 12.21397836],
    [15.23644101, 54.7751134 , 18.49245663],
    [11.94710868, 15.11961357,  8.87798476],
    [84.08271078,  0.        ,  0.        ],
    [24.62845789,  7.46630534,  5.68239648],
    [-2.1       , 17.90373753, 14.61829859],
    [19.82821752, 28.59206922, 37.86938418],
    [23.71127851, 23.74205951, 32.91514157],
    [-2.1       , 18.42038921, 26.72498948],
    [17.98957739, 19.27695069, 47.51528243],
    [32.79674481, 36.94743722, 42.90675241],
    [ 8.70577633, 17.02877822,  8.98744836],
    [23.67575096, 21.80995859, 45.52179017],
    [51.33302196, 29.42206832, 31.82211588],
    [ 0.41661986,  3.12265072, -1.3392581 ],
    [0.        , 5.58270238, 4.23133816],
    [ 1.70722215, 22.53014863, 15.06154879],
    [ 3.1673812 ,  7.42534594, 14.5016634 ],
    [13.65831422, 59.94043367, 21.66182653],
    [32.91282866, 17.36522507, 25.74158519],
    [16.63428025, 18.08124879, 35.8007488 ],
    [21.90389436, 48.12961518, 15.23217045],
    [30.35384593, 24.72018977, 17.85117163],
    [-0.1452174 ,  7.26531817,  0.69225383],
    [ 4.40120183, 12.89743455, 33.65701828],
    [42.35200737, 26.85853078, 18.47590569],
    [11.28198916,  7.05227054,  8.99067022],
    [ 8.77986493, 24.09298144, 17.95151076],
    [21.52186199, 25.44508933, 89.37554134],
    [13.26041317, 32.84430425, 45.21616359],
    [21.77657588,  8.98915069, 31.39559159],
    [ 6.04696286, 36.98026612, 15.5014375 ],
    [10.41133387, 10.27405569, 39.49500756],
    [19.06001305, 18.87379654, 15.18807135],
    [17.97554014, 16.79501508, 16.7859979 ],
    [ 6.09583969, 15.15754906,  4.33988406],
    [12.15143605, 12.99068911, 17.7422558 ],
    [15.69788941, 15.63989609, 20.77565065],
    [-2.1       , -0.47730584,  1.06638948],
    [12.86488865,  5.04247255, 69.19409077],
    [28.89178502, 19.49334559, 25.07179584],
    [13.90231304, 14.1621195 , 25.6538099 ],
    [ 9.93397081, 18.53367164, 34.74011533],
    [ 22.34459242,  19.07505666, 113.48858246],
    [15.75181622, 18.78928137, 23.61206389],
    [18.63571043, 20.23707803, 17.62300144],
    [19.78847899, 20.44643062, 29.285889  ],
    [ 1.71889558, 10.66247783, 16.34821137],
    [ 7.99900102,  7.16235619, 11.97142702],
    [15.06290645, 11.36128329, 12.64502392],
]
